1038
1039
1040
1041
1044
1046
1049
1054
1057
1058
1059
1060
1061
1062
1063
1064
10705
1065
1066
1067
1068
1069
1070
1071
1072
1073
10706
1074
1075
1076
1077
1078
1079
1080
1081
1111
1120
1131
1132
10707
1133
1134
1135
1136
10708
1137
1138
1139
1140
1141
1142
1143
1144
1145
1146
1276
1283
1453
1459
1689
1690
1691
1692
1693
1698
1704
10709
1708
1712
1717
1721
1725
1729
1733
1914
1915
1916
1917
1955
1956
1957
1958
1959
1960
1961
1962
1963
1964
1965
1966
1967
1968
1969
1970
1971
2030
2031
2032
2033
2034
2035
2036
2037
2038
2039
2040
2041
2042
2043
2044
2045
2046
2047
2048
2049
2106
2109
2112
2115
2357
2358
2359
2360
2361
2362
2363
2364
2365
2366
2367
2368
2369
2370
2371
2372
2373
2374
2375
2376
2377
2378
2379
2380
2381
2382
2383
2384
2385
2386
2387
2388
2389
2390
2391
2392
2393
2394
2395
2396
2397
2398
2399
2400
2401
2402
2403
2404
2405
2406
2407
2408
2409
2410
2411
2412
2413
2414
2415
2416
2417
2418
2419
2420
2421
2422
2423
2424
2425
2426
2428
2429
2430
2431
2432
2433
2434
2435
2436
2437
2438
2439
2440
2441
2442
2443
2444
2445
9367
9368
9369
9370
9371
11160
11161
11162
11163
4055
4056
4057
4058
4059
4060
4226
4227
4280
9372
11164
10520
10682
10710
10723
10724
10762
10778
10789
11165
11180
11197
11221
11230
11250
11263
11276
11295
11692
11991
11992
11993
12014
12050
12055
12152
12176
12177
12279
12293
12325
12326
12572
12593
12615
12719
12720
12981
12982
13012
13025
13058
13100
13268
13269
13344
13398
13399
13400
13429
13438
14042
14109
14189
14748
15178
15364
15365
15564
15807
16064
16107
16666
17053
